structure(list(71, TRUE, c(0, 1, 1, 1, 2, 2, 2, 2, 3, 3, 3, 3, 
3, 3, 3, 3, 3, 3, 3, 4, 4, 4, 4, 5, 5, 5, 6, 6, 6, 6, 6, 6, 7, 
7, 7, 7, 7, 7, 8, 8, 8, 9, 9, 9, 9, 9, 9, 9, 9, 10, 10, 10, 10, 
10, 11, 11, 11, 11, 11, 11, 11, 11, 12, 12, 12, 12, 12, 12, 13, 
13, 13, 13, 13, 14, 14, 14, 14, 15, 15, 15, 15, 15, 15, 15, 15, 
15, 16, 16, 16, 16, 16, 16, 16, 16, 16, 16, 16, 16, 16, 16, 17, 
18, 18, 19, 19, 19, 19, 20, 20, 21, 21, 21, 21, 22, 23, 23, 24, 
24, 24, 24, 24, 25, 25, 25, 26, 26, 27, 27, 28, 28, 28, 28, 29, 
29, 29, 29, 30, 30, 30, 31, 31, 31, 31, 32, 32, 33, 33, 33, 34, 
35, 35, 36, 37, 37, 37, 37, 38, 38, 38, 38, 38, 38, 39, 39, 39, 
39, 39, 39, 40, 41, 41, 42, 42, 42, 42, 43, 44, 44, 45, 45, 45, 
45, 45, 46, 46, 46, 46, 47, 47, 47, 47, 48, 48, 49, 49, 49, 49, 
50, 50, 50, 50, 50, 50, 50, 51, 51, 52, 52, 52, 52, 52, 52, 53, 
53, 53, 53, 54, 55, 55, 55, 55, 56, 56, 56, 56, 56, 56, 56, 56, 
56, 56, 56, 57, 57, 57, 57, 57, 57, 57, 57, 57, 58, 58, 58, 58, 
58, 58, 58, 58, 58, 59, 59, 59, 59, 60, 60, 61, 61, 61, 61, 61, 
61, 62, 63, 64, 64, 65, 67, 68, 69, 69, 69, 69, 69, 69, 69, 69, 
69, 69, 69, 69, 69, 69, 69, 69, 69, 69, 69, 69, 69, 69, 69, 69, 
69, 69, 69, 69, 69, 69, 69, 69, 69, 69, 69, 69, 69, 69, 69, 69, 
69, 69, 69, 69, 69, 69, 69, 70, 70, 70, 70, 70, 70, 70, 70, 70, 
70, 70, 70, 70, 70, 70, 70, 70, 70, 70, 70, 70), c(56, 1, 56, 
57, 56, 58, 61, 70, 21, 24, 25, 37, 38, 39, 40, 41, 57, 58, 70, 
31, 33, 59, 61, 9, 11, 70, 6, 10, 12, 14, 50, 70, 23, 24, 27, 
28, 29, 30, 20, 21, 30, 5, 11, 23, 26, 29, 52, 53, 55, 6, 10, 
46, 47, 50, 5, 9, 11, 29, 52, 53, 55, 70, 6, 10, 12, 46, 47, 
50, 5, 52, 53, 54, 55, 6, 47, 49, 50, 31, 32, 38, 40, 41, 52, 
53, 55, 69, 16, 24, 27, 37, 40, 42, 45, 46, 47, 48, 49, 50, 51, 
69, 58, 58, 67, 56, 58, 59, 60, 8, 69, 3, 8, 69, 70, 69, 7, 69, 
7, 16, 24, 49, 69, 3, 23, 69, 9, 69, 24, 69, 7, 9, 28, 69, 7, 
9, 11, 70, 7, 8, 20, 4, 15, 31, 69, 15, 69, 4, 59, 69, 69, 56, 
69, 69, 16, 37, 57, 69, 3, 15, 39, 41, 57, 69, 3, 16, 38, 40, 
57, 69, 69, 25, 69, 16, 43, 44, 69, 43, 26, 69, 15, 16, 42, 43, 
69, 10, 16, 69, 70, 10, 12, 16, 69, 16, 69, 16, 24, 33, 69, 6, 
10, 12, 14, 16, 69, 70, 16, 69, 9, 11, 13, 15, 69, 70, 9, 13, 
15, 69, 69, 11, 13, 15, 69, 0, 1, 2, 16, 19, 56, 57, 65, 66, 
69, 70, 1, 3, 37, 38, 39, 56, 57, 69, 70, 2, 3, 17, 18, 19, 25, 
58, 69, 70, 4, 19, 59, 69, 60, 69, 2, 4, 56, 61, 69, 70, 69, 
63, 69, 70, 69, 18, 69, 4, 20, 21, 22, 23, 24, 25, 26, 27, 28, 
31, 32, 33, 34, 35, 36, 37, 38, 39, 40, 41, 42, 44, 45, 46, 47, 
48, 49, 50, 51, 52, 53, 54, 55, 56, 57, 58, 59, 60, 61, 62, 64, 
65, 67, 68, 69, 70, 3, 5, 6, 10, 11, 18, 20, 29, 41, 46, 50, 
52, 57, 58, 59, 61, 62, 63, 64, 69, 70), c(0, 1, 2, 3, 4, 5, 
6, 7, 8, 9, 10, 11, 12, 13, 14, 15, 16, 17, 18, 19, 20, 21, 22, 
23, 24, 25, 26, 27, 28, 29, 30, 31, 32, 33, 34, 35, 36, 37, 38, 
39, 40, 41, 42, 43, 44, 45, 46, 47, 48, 49, 50, 51, 52, 53, 54, 
55, 56, 57, 58, 59, 60, 61, 62, 63, 64, 65, 66, 67, 68, 69, 70, 
71, 72, 73, 74, 75, 76, 77, 78, 79, 80, 81, 82, 83, 84, 85, 86, 
87, 88, 89, 90, 91, 92, 93, 94, 95, 96, 97, 98, 99, 100, 101, 
102, 103, 104, 105, 106, 107, 108, 109, 110, 111, 112, 113, 114, 
115, 116, 117, 118, 119, 120, 121, 122, 123, 124, 125, 126, 127, 
128, 129, 130, 131, 132, 133, 134, 135, 136, 137, 138, 139, 140, 
141, 142, 143, 144, 145, 146, 147, 148, 149, 150, 151, 152, 153, 
154, 155, 156, 157, 158, 159, 160, 161, 162, 163, 164, 165, 166, 
167, 168, 169, 170, 171, 172, 173, 174, 175, 176, 177, 178, 179, 
180, 181, 182, 183, 184, 185, 186, 187, 188, 189, 190, 191, 192, 
193, 194, 195, 196, 197, 198, 199, 200, 201, 202, 203, 204, 205, 
206, 207, 208, 209, 210, 211, 212, 213, 214, 215, 216, 217, 218, 
219, 220, 221, 222, 223, 224, 225, 226, 227, 228, 229, 230, 231, 
232, 233, 234, 235, 236, 237, 238, 239, 240, 241, 242, 243, 244, 
245, 246, 247, 248, 249, 250, 251, 252, 253, 254, 255, 256, 257, 
258, 259, 260, 261, 262, 263, 264, 265, 266, 267, 268, 269, 270, 
271, 272, 273, 274, 275, 276, 277, 278, 279, 280, 281, 282, 283, 
284, 285, 286, 287, 288, 289, 290, 291, 292, 293, 294, 295, 296, 
297, 298, 299, 300, 301, 302, 303, 304, 305, 306, 307, 308, 309, 
310, 311, 312, 313, 314, 315, 316, 317, 318, 319, 320, 321, 322, 
323, 324, 325, 326, 327, 328, 329, 330, 331, 332, 333, 334, 335, 
336), c(221, 1, 222, 232, 223, 241, 256, 109, 121, 156, 162, 
233, 242, 316, 139, 145, 250, 257, 269, 41, 54, 68, 317, 26, 
49, 62, 73, 197, 318, 114, 116, 128, 132, 136, 107, 110, 137, 
23, 55, 124, 129, 133, 206, 212, 27, 50, 63, 183, 187, 198, 319, 
24, 42, 56, 134, 207, 217, 320, 28, 64, 188, 199, 208, 213, 218, 
29, 200, 140, 143, 157, 178, 209, 214, 219, 86, 117, 152, 163, 
171, 179, 184, 189, 191, 193, 201, 204, 224, 243, 244, 267, 321, 
225, 245, 251, 38, 138, 270, 322, 8, 39, 271, 272, 32, 43, 122, 
273, 9, 33, 87, 118, 126, 194, 274, 10, 169, 246, 275, 44, 176, 
276, 34, 88, 277, 35, 130, 278, 36, 45, 57, 323, 37, 40, 19, 
77, 141, 279, 78, 280, 20, 195, 281, 282, 283, 284, 11, 89, 153, 
234, 285, 12, 79, 164, 235, 286, 13, 158, 236, 287, 14, 80, 90, 
165, 288, 15, 81, 159, 289, 324, 91, 180, 290, 172, 175, 181, 
173, 291, 92, 292, 51, 65, 93, 293, 325, 52, 66, 74, 94, 294, 
95, 295, 75, 96, 119, 296, 30, 53, 67, 76, 97, 297, 326, 98, 
298, 46, 58, 69, 82, 299, 327, 47, 59, 70, 83, 300, 71, 301, 
48, 60, 72, 84, 302, 0, 2, 4, 103, 149, 226, 237, 258, 303, 3, 
16, 154, 160, 166, 227, 238, 304, 328, 5, 17, 100, 101, 104, 
247, 305, 329, 21, 105, 146, 252, 306, 330, 106, 254, 307, 6, 
22, 259, 308, 331, 309, 332, 263, 333, 310, 334, 228, 311, 229, 
102, 312, 313, 85, 99, 108, 111, 113, 115, 120, 123, 125, 127, 
131, 142, 144, 147, 148, 150, 151, 155, 161, 167, 168, 170, 174, 
177, 182, 185, 190, 192, 196, 202, 205, 210, 215, 216, 220, 230, 
239, 248, 253, 255, 260, 262, 264, 266, 268, 314, 335, 7, 18, 
25, 31, 61, 112, 135, 186, 203, 211, 231, 240, 249, 261, 265, 
315, 336), c(0, 1, 4, 8, 19, 23, 26, 32, 38, 41, 49, 54, 62, 
68, 73, 77, 86, 100, 101, 103, 107, 109, 113, 114, 116, 121, 
124, 126, 128, 132, 136, 139, 143, 145, 148, 149, 151, 152, 156, 
162, 168, 169, 171, 175, 176, 178, 183, 187, 191, 193, 197, 204, 
206, 212, 216, 217, 221, 232, 241, 250, 254, 256, 262, 263, 264, 
266, 267, 267, 268, 269, 316, 337), c(0, 1, 4, 7, 14, 19, 23, 
29, 34, 37, 44, 51, 58, 62, 65, 67, 74, 87, 88, 91, 94, 98, 101, 
102, 106, 113, 117, 120, 123, 126, 130, 132, 136, 138, 141, 142, 
143, 144, 149, 154, 158, 163, 168, 171, 174, 176, 178, 183, 188, 
190, 194, 201, 203, 209, 214, 216, 221, 230, 239, 247, 253, 256, 
261, 263, 265, 267, 269, 270, 272, 273, 320, 337), list(c(1, 
0, 1), structure(list(),