structure(list(72, TRUE, c(0, 1, 1, 1, 2, 2, 2, 3, 3, 3, 3, 3, 
3, 3, 3, 3, 3, 3, 4, 4, 4, 4, 5, 5, 5, 6, 6, 6, 6, 6, 6, 7, 7, 
7, 7, 7, 7, 7, 8, 8, 8, 8, 9, 9, 9, 9, 9, 9, 9, 9, 9, 9, 9, 9, 
9, 9, 9, 9, 9, 9, 9, 10, 10, 10, 10, 10, 10, 10, 10, 10, 10, 
10, 10, 11, 11, 11, 11, 11, 11, 11, 11, 11, 12, 12, 12, 12, 12, 
13, 13, 13, 13, 13, 13, 13, 13, 13, 14, 14, 14, 14, 14, 14, 15, 
15, 15, 15, 16, 16, 16, 16, 17, 17, 17, 17, 17, 17, 17, 17, 17, 
17, 17, 18, 18, 18, 18, 18, 18, 18, 18, 18, 18, 18, 18, 18, 18, 
18, 18, 18, 18, 18, 18, 18, 19, 20, 20, 21, 21, 21, 21, 22, 22, 
22, 23, 23, 23, 23, 24, 24, 25, 25, 25, 26, 26, 26, 26, 26, 26, 
26, 27, 27, 27, 27, 28, 28, 28, 29, 29, 29, 29, 30, 30, 30, 30, 
30, 31, 31, 31, 31, 31, 32, 32, 32, 32, 32, 33, 33, 33, 33, 34, 
34, 35, 35, 35, 36, 37, 37, 38, 39, 39, 39, 39, 40, 40, 40, 40, 
40, 40, 40, 41, 41, 41, 41, 41, 41, 42, 42, 43, 43, 43, 44, 44, 
44, 44, 44, 45, 46, 46, 47, 47, 47, 47, 47, 48, 48, 48, 48, 48, 
49, 49, 49, 49, 49, 50, 50, 50, 51, 51, 51, 51, 51, 52, 52, 52, 
52, 52, 52, 52, 52, 53, 53, 53, 54, 54, 54, 54, 55, 55, 55, 55, 
55, 55, 55, 56, 56, 56, 56, 56, 56, 57, 57, 58, 58, 58, 58, 59, 
59, 59, 59, 59, 59, 59, 59, 59, 59, 60, 60, 60, 60, 60, 60, 60, 
60, 61, 61, 61, 61, 61, 61, 61, 61, 62, 62, 62, 62, 63, 63, 64, 
64, 64, 64, 64, 65, 66, 67, 69, 70, 71, 71, 71, 71, 71, 71, 71, 
71, 71, 71, 71, 71, 71, 71, 71, 71, 71, 71, 71, 71, 71, 71, 71, 
71, 71, 71, 71, 71, 71, 71, 71, 71, 71, 71, 71, 71, 71, 71, 71, 
71, 71, 71, 71, 71, 71, 71, 71), c(59, 1, 59, 60, 59, 61, 64, 
23, 26, 27, 39, 40, 41, 42, 43, 54, 60, 61, 33, 35, 62, 64, 11, 
13, 17, 6, 12, 14, 16, 17, 52, 9, 25, 26, 29, 30, 31, 32, 10, 
22, 23, 32, 7, 11, 23, 25, 26, 27, 28, 29, 30, 31, 32, 40, 42, 
43, 47, 54, 55, 56, 57, 8, 22, 23, 24, 26, 29, 32, 49, 50, 51, 
52, 53, 5, 17, 25, 28, 31, 54, 55, 56, 58, 6, 12, 48, 49, 52, 
5, 11, 13, 17, 31, 54, 55, 56, 58, 6, 12, 17, 48, 49, 52, 55, 
56, 57, 58, 6, 49, 51, 52, 5, 6, 11, 13, 14, 31, 48, 49, 52, 
55, 58, 18, 26, 29, 33, 34, 39, 40, 42, 43, 44, 47, 48, 49, 50, 
51, 52, 53, 55, 56, 58, 71, 61, 61, 69, 59, 61, 62, 63, 8, 10, 
71, 3, 8, 10, 71, 10, 71, 7, 9, 71, 7, 9, 10, 18, 26, 51, 71, 
3, 9, 25, 71, 9, 11, 71, 9, 10, 26, 71, 7, 9, 11, 30, 71, 7, 
9, 11, 13, 17, 7, 8, 9, 10, 22, 4, 18, 33, 71, 18, 71, 4, 62, 
71, 71, 59, 71, 71, 18, 39, 60, 71, 3, 9, 18, 41, 43, 60, 71, 
3, 18, 40, 42, 60, 71, 9, 71, 9, 27, 71, 10, 18, 45, 46, 71, 
45, 28, 71, 9, 18, 44, 45, 71, 10, 12, 17, 18, 71, 10, 12, 14, 
18, 71, 10, 18, 71, 10, 18, 26, 35, 71, 6, 10, 12, 14, 16, 17, 
18, 71, 10, 18, 71, 9, 11, 18, 71, 9, 11, 13, 15, 17, 18, 71, 
9, 11, 15, 18, 54, 71, 9, 71, 13, 15, 18, 71, 0, 1, 2, 18, 21, 
59, 60, 67, 68, 71, 1, 3, 39, 40, 41, 59, 60, 71, 2, 3, 19, 20, 
21, 27, 61, 71, 4, 21, 62, 71, 63, 71, 2, 4, 59, 64, 71, 71, 
71, 71, 20, 71, 4, 22, 23, 24, 25, 26, 27, 28, 29, 30, 33, 34, 
35, 36, 37, 38, 39, 40, 41, 42, 43, 44, 46, 47, 48, 49, 50, 51, 
52, 53, 54, 55, 56, 57, 58, 59, 60, 61, 62, 63, 64, 65, 66, 67, 
69, 70, 71), c(0, 1, 2, 3, 4, 5, 6, 7, 8, 9, 10, 11, 12, 13, 
14, 15, 16, 17, 18, 19, 20, 21, 22, 23, 24, 25, 26, 27, 28, 29, 
30, 31, 32, 33, 34, 35, 36, 37, 38, 39, 40, 41, 42, 43, 44, 45, 
46, 47, 48, 49, 50, 51, 52, 53, 54, 55, 56, 57, 58, 59, 60, 61, 
62, 63, 64, 65, 66, 67, 68, 69, 70, 71, 72, 73, 74, 75, 76, 77, 
78, 79, 80, 81, 82, 83, 84, 85, 86, 87, 88, 89, 90, 91, 92, 93, 
94, 95, 96, 97, 98, 99, 100, 101, 102, 103, 104, 105, 106, 107, 
108, 109, 110, 111, 112, 113, 114, 115, 116, 117, 118, 119, 120, 
121, 122, 123, 124, 125, 126, 127, 128, 129, 130, 131, 132, 133, 
134, 135, 136, 137, 138, 139, 140, 141, 142, 143, 144, 145, 146, 
147, 148, 149, 150, 151, 152, 153, 154, 155, 156, 157, 158, 159, 
160, 161, 162, 163, 164, 165, 166, 167, 168, 169, 170, 171, 172, 
173, 174, 175, 176, 177, 178, 179, 180, 181, 182, 183, 184, 185, 
186, 187, 188, 189, 190, 191, 192, 193, 194, 195, 196, 197, 198, 
199, 200, 201, 202, 203, 204, 205, 206, 207, 208, 209, 210, 211, 
212, 213, 214, 215, 216, 217, 218, 219, 220, 221, 222, 223, 224, 
225, 226, 227, 228, 229, 230, 231, 232, 233, 234, 235, 236, 237, 
238, 239, 240, 241, 242, 243, 244, 245, 246, 247, 248, 249, 250, 
251, 252, 253, 254, 255, 256, 257, 258, 259, 260, 261, 262, 263, 
264, 265, 266, 267, 268, 269, 270, 271, 272, 273, 274, 275, 276, 
277, 278, 279, 280, 281, 282, 283, 284, 285, 286, 287, 288, 289, 
290, 291, 292, 293, 294, 295, 296, 297, 298, 299, 300, 301, 302, 
303, 304, 305, 306, 307, 308, 309, 310, 311, 312, 313, 314, 315, 
316, 317, 318, 319, 320, 321, 322, 323, 324, 325, 326, 327, 328, 
329, 330, 331, 332, 333, 334, 335, 336, 337, 338, 339, 340, 341, 
342, 343, 344, 345, 346, 347, 348, 349, 350, 351, 352, 353, 354, 
355, 356, 357, 358, 359, 360, 361, 362, 363, 364, 365, 366, 367, 
368, 369, 370, 371, 372, 373, 374, 375, 376, 377, 378, 379, 380, 
381, 382), c(294, 1, 295, 304, 296, 312, 326, 152, 168, 211, 
218, 305, 313, 194, 200, 320, 327, 336, 73, 87, 110, 25, 82, 
96, 106, 111, 260, 42, 158, 161, 179, 184, 189, 61, 149, 153, 
190, 31, 159, 162, 169, 172, 175, 180, 185, 191, 212, 224, 226, 
237, 271, 275, 282, 288, 38, 150, 154, 156, 163, 176, 192, 229, 
242, 247, 252, 255, 261, 268, 22, 43, 88, 112, 173, 181, 186, 
272, 276, 283, 26, 83, 97, 243, 248, 262, 23, 89, 113, 187, 277, 
290, 27, 114, 249, 263, 278, 284, 291, 28, 264, 24, 29, 74, 90, 
98, 188, 244, 265, 279, 121, 164, 195, 198, 207, 213, 219, 230, 
238, 245, 250, 253, 256, 266, 269, 273, 280, 285, 292, 297, 314, 
315, 334, 298, 316, 321, 39, 62, 193, 337, 7, 40, 44, 63, 338, 
64, 339, 32, 45, 75, 170, 340, 8, 33, 46, 65, 122, 165, 177, 
257, 341, 9, 47, 227, 317, 342, 48, 76, 235, 343, 34, 49, 66, 
123, 344, 35, 50, 182, 345, 36, 51, 77, 91, 115, 37, 41, 52, 
67, 18, 124, 196, 346, 125, 347, 19, 258, 348, 349, 350, 351, 
10, 126, 208, 306, 352, 11, 53, 127, 220, 307, 353, 12, 214, 
308, 354, 13, 54, 128, 221, 355, 14, 55, 129, 215, 356, 130, 
239, 357, 231, 234, 240, 232, 358, 56, 131, 359, 84, 99, 116, 
132, 360, 68, 85, 100, 107, 117, 133, 361, 69, 134, 362, 70, 
108, 135, 166, 363, 30, 71, 86, 101, 109, 118, 136, 364, 72, 
137, 365, 15, 57, 78, 92, 286, 366, 58, 79, 93, 102, 119, 138, 
367, 59, 80, 94, 103, 139, 368, 60, 104, 369, 81, 95, 105, 120, 
140, 370, 0, 2, 4, 145, 204, 299, 309, 328, 371, 3, 16, 209, 
216, 222, 300, 310, 372, 5, 17, 142, 143, 146, 318, 373, 20, 
147, 201, 322, 374, 148, 324, 375, 6, 21, 329, 376, 377, 378, 
301, 379, 302, 144, 380, 381, 141, 151, 155, 157, 160, 167, 171, 
174, 178, 183, 197, 199, 202, 203, 205, 206, 210, 217, 223, 225, 
228, 233, 236, 241, 246, 251, 254, 259, 267, 270, 274, 281, 287, 
289, 293, 303, 311, 319, 323, 325, 330, 331, 332, 333, 335, 382
), c(0, 1, 4, 7, 18, 22, 25, 31, 38, 42, 61, 73, 82, 87, 96, 
102, 106, 110, 121, 142, 143, 145, 149, 152, 156, 158, 161, 168, 
172, 175, 179, 184, 189, 194, 198, 200, 203, 204, 206, 207, 211, 
218, 224, 226, 229, 234, 235, 237, 242, 247, 252, 255, 260, 268, 
271, 275, 282, 288, 290, 294, 304, 312, 320, 324, 326, 331, 332, 
333, 334, 334, 335, 336, 383), c(0, 1, 4, 7, 13, 18, 21, 27, 
33, 37, 54, 68, 78, 84, 90, 94, 97, 99, 108, 128, 129, 131, 134, 
138, 143, 145, 150, 159, 164, 168, 173, 177, 182, 186, 190, 192, 
195, 196, 197, 198, 203, 209, 213, 218, 223, 226, 229, 231, 234, 
239, 246, 249, 254, 262, 265, 271, 278, 284, 287, 293, 302, 310, 
317, 322, 325, 329, 330, 331, 333, 334, 336, 337, 383), list(
    c(1, 0, 1), structure(list(),