structure(list(74, TRUE, c(0, 1, 2, 2, 3, 3, 3, 3, 3, 3, 3, 4, 
4, 4, 4, 4, 5, 5, 5, 6, 6, 6, 6, 6, 6, 7, 7, 7, 7, 7, 7, 8, 8, 
8, 8, 9, 9, 9, 9, 9, 9, 9, 9, 9, 9, 9, 9, 9, 9, 9, 9, 9, 10, 
10, 10, 10, 10, 10, 10, 10, 10, 10, 10, 10, 10, 10, 11, 11, 11, 
11, 11, 11, 11, 11, 11, 11, 12, 12, 12, 12, 12, 12, 13, 13, 13, 
13, 13, 13, 14, 14, 14, 14, 15, 15, 15, 16, 16, 17, 17, 17, 17, 
17, 17, 17, 17, 18, 18, 18, 18, 18, 18, 18, 18, 18, 18, 18, 18, 
18, 18, 18, 18, 18, 18, 18, 18, 19, 20, 21, 21, 21, 22, 22, 22, 
22, 22, 23, 23, 23, 23, 23, 24, 24, 25, 25, 25, 25, 25, 26, 26, 
26, 26, 26, 26, 26, 26, 26, 27, 27, 27, 27, 27, 28, 28, 28, 28, 
29, 29, 29, 29, 29, 30, 30, 30, 30, 31, 31, 31, 31, 31, 32, 32, 
32, 32, 33, 33, 33, 33, 34, 34, 35, 35, 35, 36, 37, 38, 39, 39, 
39, 39, 39, 40, 40, 40, 40, 40, 40, 41, 41, 41, 41, 42, 42, 42, 
42, 42, 43, 43, 43, 43, 43, 43, 44, 44, 44, 45, 45, 46, 46, 47, 
47, 47, 48, 48, 48, 48, 48, 49, 49, 49, 49, 49, 49, 49, 50, 50, 
50, 51, 51, 51, 51, 51, 52, 52, 52, 52, 52, 52, 52, 52, 53, 53, 
53, 54, 54, 54, 54, 54, 54, 55, 55, 55, 55, 55, 55, 55, 56, 56, 
56, 56, 56, 56, 57, 57, 57, 58, 58, 58, 58, 58, 58, 59, 59, 59, 
59, 59, 59, 59, 59, 60, 60, 60, 60, 60, 60, 60, 60, 60, 61, 61, 
61, 61, 61, 61, 61, 61, 62, 62, 62, 62, 62, 62, 63, 63, 63, 64, 
64, 64, 64, 64, 65, 65, 66, 66, 67, 67, 68, 68, 69, 70, 70, 71, 
72, 72, 72, 72, 72, 72, 72, 72, 72, 72, 72, 72, 72, 72, 72, 72, 
72, 72, 72, 72, 72, 72, 72, 72, 72, 72, 72, 72, 72, 72, 72, 72, 
72, 72, 72, 72, 72, 72, 72, 72, 72, 72, 72, 72, 72, 72, 72, 73, 
73, 73, 73, 73, 73, 73, 73, 73), c(59, 59, 59, 61, 23, 27, 40, 
41, 60, 61, 73, 33, 35, 62, 64, 72, 11, 13, 17, 6, 12, 14, 16, 
17, 52, 9, 25, 26, 30, 31, 32, 10, 22, 23, 32, 7, 25, 26, 27, 
28, 29, 30, 31, 32, 40, 42, 43, 47, 54, 55, 56, 57, 8, 22, 23, 
24, 26, 29, 32, 44, 48, 49, 50, 51, 52, 53, 5, 9, 13, 17, 28, 
30, 31, 54, 55, 56, 6, 12, 48, 49, 52, 73, 5, 13, 17, 31, 55, 
58, 6, 17, 49, 52, 55, 56, 58, 6, 52, 5, 6, 11, 14, 31, 48, 52, 
55, 18, 26, 33, 34, 39, 40, 41, 44, 47, 48, 49, 50, 51, 52, 53, 
54, 55, 56, 58, 59, 61, 70, 59, 61, 62, 8, 10, 32, 72, 73, 3, 
8, 9, 10, 72, 10, 72, 7, 9, 11, 27, 72, 3, 7, 9, 10, 18, 26, 
29, 51, 72, 3, 9, 43, 61, 72, 9, 11, 46, 72, 7, 9, 10, 18, 72, 
7, 9, 30, 72, 7, 9, 11, 13, 17, 7, 8, 9, 10, 4, 18, 33, 72, 18, 
72, 4, 51, 72, 72, 72, 72, 3, 18, 39, 60, 72, 3, 9, 18, 41, 60, 
72, 3, 40, 60, 72, 3, 9, 18, 41, 72, 3, 9, 18, 40, 72, 73, 18, 
47, 72, 45, 47, 44, 72, 9, 18, 72, 12, 14, 17, 18, 72, 10, 12, 
14, 16, 17, 18, 72, 10, 18, 72, 10, 16, 18, 26, 72, 6, 10, 12, 
14, 16, 17, 18, 72, 10, 18, 72, 3, 9, 11, 13, 56, 72, 9, 11, 
13, 15, 17, 18, 72, 9, 11, 13, 15, 18, 72, 9, 15, 72, 11, 13, 
15, 17, 18, 72, 0, 1, 21, 37, 59, 60, 64, 72, 1, 3, 39, 40, 41, 
59, 60, 72, 73, 2, 3, 19, 20, 21, 61, 72, 73, 4, 21, 35, 62, 
72, 73, 21, 63, 72, 2, 4, 64, 72, 73, 72, 73, 66, 73, 72, 73, 
59, 72, 59, 20, 72, 72, 18, 22, 23, 24, 25, 26, 27, 28, 29, 30, 
33, 34, 35, 36, 37, 38, 39, 40, 41, 42, 43, 44, 46, 47, 48, 49, 
50, 51, 52, 53, 54, 55, 56, 57, 58, 59, 60, 61, 62, 63, 64, 65, 
67, 68, 71, 72, 73, 2, 3, 59, 60, 61, 64, 67, 72, 73), c(0, 1, 
2, 3, 4, 5, 6, 7, 8, 9, 10, 11, 12, 13, 14, 15, 16, 17, 18, 19, 
20, 21, 22, 23, 24, 25, 26, 27, 28, 29, 30, 31, 32, 33, 34, 35, 
36, 37, 38, 39, 40, 41, 42, 43, 44, 45, 46, 47, 48, 49, 50, 51, 
52, 53, 54, 55, 56, 57, 58, 59, 60, 61, 62, 63, 64, 65, 66, 67, 
68, 69, 70, 71, 72, 73, 74, 75, 76, 77, 78, 79, 80, 81, 82, 83, 
84, 85, 86, 87, 88, 89, 90, 91, 92, 93, 94, 95, 96, 97, 98, 99, 
100, 101, 102, 103, 104, 105, 106, 107, 108, 109, 110, 111, 112, 
113, 114, 115, 116, 117, 118, 119, 120, 121, 122, 123, 124, 125, 
126, 127, 128, 129, 130, 131, 132, 133, 134, 135, 136, 137, 138, 
139, 140, 141, 142, 143, 144, 145, 146, 147, 148, 149, 150, 151, 
152, 153, 154, 155, 156, 157, 158, 159, 160, 161, 162, 163, 164, 
165, 166, 167, 168, 169, 170, 171, 172, 173, 174, 175, 176, 177, 
178, 179, 180, 181, 182, 183, 184, 185, 186, 187, 188, 189, 190, 
191, 192, 193, 194, 195, 196, 197, 198, 199, 200, 201, 202, 203, 
204, 205, 206, 207, 208, 209, 210, 211, 212, 213, 214, 215, 216, 
217, 218, 219, 220, 221, 222, 223, 224, 225, 226, 227, 228, 229, 
230, 231, 232, 233, 234, 235, 236, 237, 238, 239, 240, 241, 242, 
243, 244, 245, 246, 247, 248, 249, 250, 251, 252, 253, 254, 255, 
256, 257, 258, 259, 260, 261, 262, 263, 264, 265, 266, 267, 268, 
269, 270, 271, 272, 273, 274, 275, 276, 277, 278, 279, 280, 281, 
282, 283, 284, 285, 286, 287, 288, 289, 290, 291, 292, 293, 294, 
295, 296, 297, 298, 299, 300, 301, 302, 303, 304, 305, 306, 307, 
308, 309, 310, 311, 312, 313, 314, 315, 316, 317, 318, 319, 320, 
321, 322, 323, 324, 325, 326, 327, 328, 329, 330, 331, 332, 333, 
334, 335, 336, 337, 338, 339, 340, 341, 342, 343, 344, 345, 346, 
347, 348, 349, 350, 351, 352, 353, 354, 355, 356, 357, 358, 359, 
360, 361, 362, 363, 364, 365, 366, 367, 368, 369, 370, 371, 372, 
373, 374, 375, 376, 377, 378, 379, 380, 381, 382, 383, 384, 385, 
386, 387, 388, 389, 390, 391, 392, 393, 394, 395, 396), c(290, 
291, 298, 307, 324, 388, 135, 147, 156, 195, 200, 206, 210, 215, 
262, 299, 308, 389, 183, 189, 315, 325, 66, 82, 97, 19, 76, 88, 
95, 98, 251, 35, 142, 148, 165, 170, 174, 179, 52, 130, 136, 
180, 25, 67, 137, 143, 149, 157, 161, 166, 171, 175, 181, 201, 
211, 216, 228, 263, 268, 275, 281, 31, 131, 138, 140, 150, 167, 
182, 236, 243, 246, 252, 259, 16, 99, 144, 162, 176, 264, 269, 
276, 284, 20, 77, 231, 237, 253, 17, 68, 83, 177, 265, 270, 277, 
285, 21, 100, 232, 238, 254, 271, 278, 282, 286, 22, 239, 247, 
255, 18, 23, 69, 84, 89, 178, 233, 240, 256, 272, 287, 105, 151, 
168, 184, 187, 196, 202, 212, 217, 221, 229, 234, 241, 244, 248, 
257, 260, 273, 279, 288, 341, 309, 310, 338, 292, 311, 316, 321, 
32, 53, 342, 4, 33, 54, 343, 55, 344, 26, 36, 345, 27, 37, 56, 
106, 152, 249, 346, 5, 38, 145, 347, 39, 70, 348, 40, 57, 153, 
349, 28, 41, 71, 172, 350, 29, 42, 72, 85, 101, 30, 34, 43, 58, 
132, 11, 107, 185, 351, 108, 352, 12, 317, 353, 354, 293, 355, 
356, 109, 197, 300, 357, 6, 44, 110, 207, 218, 301, 358, 7, 111, 
203, 213, 302, 359, 45, 360, 46, 158, 361, 59, 112, 226, 362, 
224, 163, 363, 47, 113, 222, 225, 364, 60, 78, 102, 114, 365, 
61, 79, 90, 115, 366, 62, 116, 367, 63, 117, 154, 190, 368, 24, 
64, 80, 91, 96, 103, 118, 369, 65, 119, 370, 48, 73, 120, 371, 
49, 74, 86, 92, 104, 121, 372, 50, 75, 93, 122, 266, 373, 51, 
374, 87, 94, 123, 375, 0, 1, 2, 124, 127, 294, 303, 335, 337, 
376, 390, 8, 198, 204, 208, 295, 304, 377, 391, 3, 9, 125, 128, 
159, 312, 378, 392, 13, 129, 318, 379, 322, 380, 14, 296, 326, 
381, 393, 382, 331, 383, 394, 384, 126, 385, 15, 133, 139, 141, 
146, 155, 160, 164, 169, 173, 186, 188, 191, 192, 193, 194, 199, 
205, 209, 214, 219, 223, 227, 230, 235, 242, 245, 250, 258, 261, 
267, 274, 280, 283, 289, 297, 305, 313, 319, 323, 327, 329, 333, 
336, 339, 340, 386, 395, 10, 81, 134, 220, 306, 314, 320, 328, 
330, 332, 334, 387, 396), c(0, 1, 2, 4, 11, 16, 19, 25, 31, 35, 
52, 66, 76, 82, 88, 92, 95, 97, 105, 125, 126, 127, 130, 135, 
140, 142, 147, 156, 161, 165, 170, 174, 179, 183, 187, 189, 192, 
193, 194, 195, 200, 206, 210, 215, 221, 224, 226, 228, 231, 236, 
243, 246, 251, 259, 262, 268, 275, 281, 284, 290, 298, 307, 315, 
321, 324, 329, 331, 333, 335, 337, 338, 340, 341, 388, 397), 
    c(0, 1, 3, 6, 18, 22, 25, 31, 38, 42, 61, 73, 82, 87, 95, 
    100, 104, 108, 119, 140, 141, 143, 147, 150, 154, 156, 159, 
    166, 170, 173, 177, 182, 187, 192, 196, 198, 201, 202, 204, 
    205, 209, 216, 222, 224, 227, 231, 232, 234, 239, 244, 249, 
    252, 257, 265, 268, 272, 279, 285, 287, 291, 302, 310, 318, 
    322, 324, 329, 330, 331, 333, 334, 334, 335, 336, 384, 397
    ), list(c(1, 0, 1), structure(list(),