structure(list(65, TRUE, c(0, 0, 1, 1, 2, 3, 4, 5, 5, 5, 5, 5, 
6, 7, 7, 7, 8, 8, 9, 9, 9, 9, 9, 9, 10, 10, 10, 10, 11, 12, 12, 
12, 12, 13, 13, 13, 14, 14, 14, 15, 15, 15, 16, 16, 16, 16, 16, 
17, 17, 18, 19, 19, 19, 19, 19, 20, 20, 20, 20, 20, 20, 21, 21, 
21, 21, 21, 21, 21, 21, 22, 22, 22, 23, 23, 23, 23, 24, 24, 24, 
25, 25, 25, 25, 26, 26, 26, 26, 27, 27, 27, 27, 27, 28, 28, 28, 
28, 29, 29, 29, 29, 29, 30, 30, 31, 31, 31, 31, 31, 32, 32, 33, 
33, 33, 33, 33, 33, 33, 34, 34, 34, 34, 35, 36, 36, 37, 37, 37, 
37, 38, 38, 39, 39, 39, 39, 39, 40, 40, 40, 40, 41, 41, 41, 41, 
41, 42, 42, 43, 44, 45, 45, 45, 46, 47, 47, 47, 47, 48, 48, 48, 
48, 48, 49, 49, 49, 50, 51, 51, 51, 51, 51, 51, 51, 51, 52, 52, 
52, 52, 52, 53, 53, 53, 53, 53, 54, 54, 54, 55, 55, 55, 55, 55, 
55, 55, 55, 56, 56, 56, 56, 56, 56, 56, 57, 57, 57, 57, 57, 57, 
57, 57, 58, 58, 58, 58, 58, 59, 59, 59, 59, 59, 59, 59, 59, 60, 
60, 60, 60, 60, 60, 60, 60, 60, 60, 60, 60, 60, 60, 60, 60, 60, 
60, 60, 60, 60, 60, 60, 60, 60, 60, 60, 61, 61, 61, 62, 62, 62, 
62, 62, 62, 62, 62, 62, 62, 62, 62, 62, 62, 62, 62, 62, 62, 62, 
62, 63, 63, 63, 63, 63, 64, 64, 64, 64, 64, 64, 64, 64, 64, 64, 
64, 64, 64, 64, 64, 64, 64, 64, 64, 64, 64, 64, 64, 64, 64, 64, 
64, 64, 64, 64, 64, 64, 64, 64, 64, 64, 64, 64, 64, 64, 64, 64, 
64, 64, 64, 64, 64, 64, 64, 64, 64, 64), c(46, 64, 51, 56, 51, 
64, 51, 5, 14, 53, 61, 64, 56, 7, 61, 64, 13, 64, 33, 40, 55, 
60, 62, 64, 1, 10, 53, 64, 51, 33, 57, 60, 64, 22, 62, 64, 16, 
53, 64, 60, 62, 64, 21, 60, 62, 63, 64, 62, 64, 64, 59, 60, 62, 
63, 64, 58, 59, 60, 62, 63, 64, 16, 21, 23, 33, 57, 60, 62, 64, 
60, 62, 64, 57, 60, 62, 64, 8, 60, 64, 25, 53, 62, 64, 30, 57, 
60, 64, 27, 33, 55, 62, 64, 29, 57, 60, 64, 33, 48, 56, 60, 64, 
57, 60, 33, 39, 59, 60, 64, 32, 64, 9, 12, 29, 40, 55, 56, 64, 
59, 62, 63, 64, 64, 60, 64, 37, 57, 60, 64, 22, 38, 59, 60, 62, 
63, 64, 9, 33, 55, 64, 33, 40, 60, 62, 64, 51, 64, 64, 64, 60, 
63, 64, 0, 57, 59, 60, 64, 9, 33, 60, 62, 64, 59, 62, 64, 64, 
2, 4, 10, 18, 51, 55, 61, 64, 59, 60, 62, 63, 64, 5, 10, 14, 
25, 64, 60, 62, 64, 4, 9, 27, 33, 40, 51, 55, 64, 1, 6, 33, 46, 
56, 61, 64, 12, 21, 26, 28, 30, 37, 47, 60, 20, 58, 59, 63, 64, 
19, 20, 34, 47, 52, 58, 59, 64, 9, 12, 13, 15, 16, 19, 20, 21, 
22, 23, 24, 26, 28, 29, 30, 31, 36, 37, 39, 41, 45, 47, 48, 49, 
52, 54, 57, 5, 51, 56, 9, 13, 15, 16, 17, 19, 20, 21, 22, 25, 
27, 31, 34, 39, 40, 49, 51, 52, 54, 62, 20, 34, 39, 52, 58, 1, 
3, 5, 7, 8, 9, 10, 12, 13, 14, 15, 16, 17, 18, 19, 20, 21, 22, 
23, 24, 25, 26, 27, 28, 29, 31, 33, 34, 35, 36, 37, 39, 40, 41, 
42, 43, 44, 45, 47, 48, 49, 50, 51, 52, 54, 55, 56, 58, 59, 60, 
62, 64), c(0, 1, 2, 3, 4, 5, 6, 7, 8, 9, 10, 11, 12, 13, 14, 
15, 16, 17, 18, 19, 20, 21, 22, 23, 24, 25, 26, 27, 28, 29, 30, 
31, 32, 33, 34, 35, 36, 37, 38, 39, 40, 41, 42, 43, 44, 45, 46, 
47, 48, 49, 50, 51, 52, 53, 54, 55, 56, 57, 58, 59, 60, 61, 62, 
63, 64, 65, 66, 67, 68, 69, 70, 71, 72, 73, 74, 75, 76, 77, 78, 
79, 80, 81, 82, 83, 84, 85, 86, 87, 88, 89, 90, 91, 92, 93, 94, 
95, 96, 97, 98, 99, 100, 101, 102, 103, 104, 105, 106, 107, 108, 
109, 110, 111, 112, 113, 114, 115, 116, 117, 118, 119, 120, 121, 
122, 123, 124, 125, 126, 127, 128, 129, 130, 131, 132, 133, 134, 
135, 136, 137, 138, 139, 140, 141, 142, 143, 144, 145, 146, 147, 
148, 149, 150, 151, 152, 153, 154, 155, 156, 157, 158, 159, 160, 
161, 162, 163, 164, 165, 166, 167, 168, 169, 170, 171, 172, 173, 
174, 175, 176, 177, 178, 179, 180, 181, 182, 183, 184, 185, 186, 
187, 188, 189, 190, 191, 192, 193, 194, 195, 196, 197, 198, 199, 
200, 201, 202, 203, 204, 205, 206, 207, 208, 209, 210, 211, 212, 
213, 214, 215, 216, 217, 218, 219, 220, 221, 222, 223, 224, 225, 
226, 227, 228, 229, 230, 231, 232, 233, 234, 235, 236, 237, 238, 
239, 240, 241, 242, 243, 244, 245, 246, 247, 248, 249, 250, 251, 
252, 253, 254, 255, 256, 257, 258, 259, 260, 261, 262, 263, 264, 
265, 266, 267, 268, 269, 270, 271, 272, 273, 274, 275, 276, 277, 
278, 279, 280, 281, 282, 283, 284, 285, 286, 287, 288, 289, 290, 
291, 292, 293, 294, 295, 296, 297, 298, 299, 300, 301, 302, 303, 
304, 305, 306, 307, 308, 309, 310, 311, 312, 313, 314, 315, 316, 
317, 318, 319, 320, 321, 322, 323, 324, 325, 326, 327, 328), 
    c(151, 24, 194, 277, 165, 278, 166, 186, 7, 178, 249, 279, 
    195, 13, 280, 76, 281, 110, 135, 156, 187, 222, 252, 282, 
    25, 167, 179, 283, 111, 201, 223, 284, 16, 224, 253, 285, 
    8, 180, 286, 225, 254, 287, 36, 61, 226, 255, 288, 256, 289, 
    168, 290, 214, 227, 257, 291, 209, 215, 228, 258, 272, 292, 
    42, 62, 202, 229, 259, 293, 33, 128, 230, 260, 294, 63, 231, 
    295, 232, 296, 79, 181, 261, 297, 203, 233, 298, 87, 188, 
    262, 299, 204, 234, 300, 92, 112, 235, 301, 83, 205, 236, 
    237, 263, 302, 108, 18, 29, 64, 88, 96, 103, 136, 139, 157, 
    189, 196, 303, 216, 264, 273, 304, 305, 238, 306, 124, 206, 
    239, 307, 129, 104, 240, 265, 274, 308, 19, 113, 140, 190, 
    266, 309, 241, 310, 311, 312, 313, 242, 314, 0, 197, 207, 
    217, 243, 315, 97, 244, 316, 245, 267, 317, 318, 2, 4, 6, 
    28, 144, 169, 191, 250, 268, 319, 218, 246, 269, 275, 320, 
    9, 26, 37, 80, 247, 270, 321, 20, 89, 114, 137, 170, 192, 
    322, 3, 12, 98, 115, 198, 251, 323, 30, 65, 72, 84, 93, 101, 
    125, 152, 248, 55, 210, 219, 276, 324, 50, 56, 105, 117, 
    130, 153, 161, 173, 211, 220, 325, 21, 31, 39, 43, 51, 57, 
    66, 69, 73, 77, 85, 94, 99, 102, 106, 122, 126, 131, 141, 
    148, 154, 158, 174, 183, 208, 326, 10, 14, 171, 199, 22, 
    34, 40, 44, 47, 52, 58, 67, 70, 74, 81, 90, 118, 132, 142, 
    159, 162, 175, 184, 271, 327, 45, 53, 59, 119, 133, 149, 
    176, 212, 1, 5, 11, 15, 17, 23, 27, 32, 35, 38, 41, 46, 48, 
    49, 54, 60, 68, 71, 75, 78, 82, 86, 91, 95, 100, 107, 109, 
    116, 120, 121, 123, 127, 134, 138, 143, 145, 146, 147, 150, 
    155, 160, 163, 164, 172, 177, 182, 185, 193, 200, 213, 221, 
    328), c(0, 2, 4, 5, 6, 7, 12, 13, 16, 18, 24, 28, 29, 33, 
    36, 39, 42, 47, 49, 50, 55, 61, 69, 72, 76, 79, 83, 87, 92, 
    96, 101, 103, 108, 110, 117, 121, 122, 124, 128, 130, 135, 
    139, 144, 146, 147, 148, 151, 152, 156, 161, 164, 165, 173, 
    178, 183, 186, 194, 201, 209, 214, 222, 249, 252, 272, 277, 
    329), c(0, 1, 4, 5, 6, 8, 12, 13, 15, 17, 24, 28, 28, 32, 
    36, 39, 42, 47, 49, 51, 55, 61, 67, 72, 75, 77, 81, 84, 88, 
    91, 95, 98, 101, 102, 114, 118, 119, 121, 125, 126, 131, 
    137, 139, 140, 141, 142, 144, 146, 150, 153, 156, 157, 167, 
    172, 176, 179, 186, 193, 202, 207, 218, 244, 248, 269, 277, 
    329), list(c(1, 0, 1), structure(list(),