structure(list(73, TRUE, c(0, 1, 1, 1, 2, 2, 2, 2, 3, 3, 3, 3, 
3, 3, 3, 3, 3, 3, 3, 4, 4, 4, 4, 5, 5, 5, 6, 6, 6, 6, 6, 6, 7, 
7, 7, 7, 7, 7, 7, 8, 8, 8, 8, 9, 9, 9, 9, 9, 9, 9, 9, 9, 9, 9, 
9, 9, 9, 9, 9, 9, 9, 10, 10, 10, 10, 10, 10, 10, 10, 10, 10, 
10, 10, 10, 11, 11, 11, 11, 11, 11, 11, 11, 12, 12, 12, 12, 12, 
13, 13, 13, 13, 13, 13, 13, 13, 14, 14, 14, 14, 14, 14, 15, 15, 
15, 15, 15, 16, 16, 16, 16, 17, 17, 17, 17, 17, 17, 17, 17, 17, 
18, 18, 18, 18, 18, 18, 18, 18, 18, 18, 18, 18, 18, 18, 19, 20, 
20, 21, 21, 21, 21, 22, 22, 22, 23, 23, 23, 23, 23, 24, 24, 25, 
25, 25, 26, 26, 26, 26, 26, 26, 26, 27, 27, 27, 27, 28, 28, 28, 
29, 29, 29, 29, 30, 30, 30, 30, 30, 31, 31, 31, 31, 31, 32, 32, 
32, 32, 32, 33, 33, 33, 33, 34, 34, 35, 35, 35, 36, 37, 37, 38, 
39, 39, 39, 39, 40, 40, 40, 40, 40, 40, 40, 41, 41, 41, 41, 41, 
41, 42, 42, 43, 43, 43, 44, 44, 44, 44, 44, 45, 46, 46, 47, 47, 
47, 47, 47, 47, 48, 48, 48, 48, 48, 49, 49, 49, 49, 49, 50, 50, 
50, 51, 51, 51, 51, 51, 52, 52, 52, 52, 52, 52, 52, 52, 53, 53, 
53, 54, 54, 54, 54, 54, 54, 54, 55, 55, 55, 55, 55, 56, 56, 57, 
57, 57, 57, 58, 58, 58, 58, 58, 58, 58, 58, 58, 58, 58, 59, 59, 
59, 59, 59, 59, 59, 59, 59, 60, 60, 60, 60, 60, 60, 60, 60, 60, 
61, 61, 61, 61, 62, 62, 63, 63, 63, 63, 63, 63, 64, 65, 66, 66, 
67, 69, 70, 71, 71, 71, 71, 71, 71, 71, 71, 71, 71, 71, 71, 71, 
71, 71, 71, 71, 71, 71, 71, 71, 71, 71, 71, 71, 71, 71, 71, 71, 
71, 71, 71, 71, 71, 71, 71, 71, 71, 71, 71, 71, 71, 71, 71, 71, 
71, 71, 72, 72, 72, 72, 72, 72, 72, 72, 72, 72, 72, 72, 72, 72, 
72, 72, 72, 72, 72, 72, 72), c(58, 1, 58, 59, 58, 60, 63, 72, 
23, 26, 27, 39, 40, 41, 42, 43, 59, 60, 72, 33, 35, 61, 63, 11, 
13, 72, 6, 12, 14, 16, 52, 72, 9, 25, 26, 29, 30, 31, 32, 10, 
22, 23, 32, 7, 11, 23, 25, 26, 27, 28, 29, 30, 31, 32, 40, 42, 
43, 47, 54, 55, 56, 8, 22, 23, 24, 26, 29, 32, 49, 50, 51, 52, 
53, 72, 5, 13, 25, 28, 31, 54, 55, 57, 6, 12, 48, 49, 52, 5, 
11, 13, 31, 54, 55, 57, 72, 6, 12, 14, 48, 49, 52, 5, 54, 55, 
56, 57, 6, 49, 51, 52, 33, 34, 40, 42, 43, 54, 55, 57, 71, 18, 
26, 29, 39, 42, 44, 47, 48, 49, 50, 51, 52, 53, 71, 60, 60, 69, 
58, 60, 61, 62, 8, 10, 71, 3, 8, 10, 71, 72, 10, 71, 7, 9, 71, 
7, 9, 10, 18, 26, 51, 71, 3, 9, 25, 71, 9, 11, 71, 9, 10, 26, 
71, 7, 9, 11, 30, 71, 7, 9, 11, 13, 72, 7, 8, 9, 10, 22, 4, 17, 
33, 71, 17, 71, 4, 61, 71, 71, 58, 71, 71, 18, 39, 59, 71, 3, 
9, 17, 41, 43, 59, 71, 3, 18, 40, 42, 59, 71, 9, 71, 9, 27, 71, 
10, 18, 45, 46, 71, 45, 28, 71, 9, 17, 18, 44, 45, 71, 10, 12, 
18, 71, 72, 10, 12, 14, 18, 71, 10, 18, 71, 10, 18, 26, 35, 71, 
6, 10, 12, 14, 16, 18, 71, 72, 10, 18, 71, 9, 11, 13, 15, 17, 
71, 72, 9, 11, 15, 17, 71, 9, 71, 13, 15, 17, 71, 0, 1, 2, 18, 
21, 58, 59, 67, 68, 71, 72, 1, 3, 39, 40, 41, 58, 59, 71, 72, 
2, 3, 19, 20, 21, 27, 60, 71, 72, 4, 21, 61, 71, 62, 71, 2, 4, 
58, 63, 71, 72, 71, 65, 71, 72, 71, 20, 71, 4, 22, 23, 24, 25, 
26, 27, 28, 29, 30, 33, 34, 35, 36, 37, 38, 39, 40, 41, 42, 43, 
44, 46, 47, 48, 49, 50, 51, 52, 53, 54, 55, 56, 57, 58, 59, 60, 
61, 62, 63, 64, 66, 67, 69, 70, 71, 72, 3, 5, 6, 12, 13, 20, 
22, 31, 43, 48, 52, 54, 59, 60, 61, 63, 64, 65, 66, 71, 72), 
    c(0, 1, 2, 3, 4, 5, 6, 7, 8, 9, 10, 11, 12, 13, 14, 15, 16, 
    17, 18, 19, 20, 21, 22, 23, 24, 25, 26, 27, 28, 29, 30, 31, 
    32, 33, 34, 35, 36, 37, 38, 39, 40, 41, 42, 43, 44, 45, 46, 
    47, 48, 49, 50, 51, 52, 53, 54, 55, 56, 57, 58, 59, 60, 61, 
    62, 63, 64, 65, 66, 67, 68, 69, 70, 71, 72, 73, 74, 75, 76, 
    77, 78, 79, 80, 81, 82, 83, 84, 85, 86, 87, 88, 89, 90, 91, 
    92, 93, 94, 95, 96, 97, 98, 99, 100, 101, 102, 103, 104, 
    105, 106, 107, 108, 109, 110, 111, 112, 113, 114, 115, 116, 
    117, 118, 119, 120, 121, 122, 123, 124, 125, 126, 127, 128, 
    129, 130, 131, 132, 133, 134, 135, 136, 137, 138, 139, 140, 
    141, 142, 143, 144, 145, 146, 147, 148, 149, 150, 151, 152, 
    153, 154, 155, 156, 157, 158, 159, 160, 161, 162, 163, 164, 
    165, 166, 167, 168, 169, 170, 171, 172, 173, 174, 175, 176, 
    177, 178, 179, 180, 181, 182, 183, 184, 185, 186, 187, 188, 
    189, 190, 191, 192, 193, 194, 195, 196, 197, 198, 199, 200, 
    201, 202, 203, 204, 205, 206, 207, 208, 209, 210, 211, 212, 
    213, 214, 215, 216, 217, 218, 219, 220, 221, 222, 223, 224, 
    225, 226, 227, 228, 229, 230, 231, 232, 233, 234, 235, 236, 
    237, 238, 239, 240, 241, 242, 243, 244, 245, 246, 247, 248, 
    249, 250, 251, 252, 253, 254, 255, 256, 257, 258, 259, 260, 
    261, 262, 263, 264, 265, 266, 267, 268, 269, 270, 271, 272, 
    273, 274, 275, 276, 277, 278, 279, 280, 281, 282, 283, 284, 
    285, 286, 287, 288, 289, 290, 291, 292, 293, 294, 295, 296, 
    297, 298, 299, 300, 301, 302, 303, 304, 305, 306, 307, 308, 
    309, 310, 311, 312, 313, 314, 315, 316, 317, 318, 319, 320, 
    321, 322, 323, 324, 325, 326, 327, 328, 329, 330, 331, 332, 
    333, 334, 335, 336, 337, 338, 339, 340, 341, 342, 343, 344, 
    345, 346, 347, 348, 349, 350, 351, 352, 353, 354, 355, 356, 
    357, 358, 359, 360, 361, 362, 363, 364, 365, 366, 367, 368, 
    369, 370, 371, 372, 373, 374, 375, 376, 377, 378, 379, 380, 
    381, 382, 383, 384, 385, 386, 387, 388, 389, 390, 391, 392, 
    393, 394, 395, 396, 397), c(282, 1, 283, 293, 284, 302, 317, 
    143, 160, 203, 210, 294, 303, 377, 186, 192, 311, 318, 330, 
    74, 87, 101, 378, 26, 82, 95, 106, 253, 379, 43, 150, 153, 
    171, 176, 181, 61, 140, 144, 182, 32, 151, 154, 161, 164, 
    167, 172, 177, 183, 204, 216, 218, 229, 264, 271, 276, 39, 
    141, 145, 148, 155, 168, 184, 221, 235, 240, 245, 248, 254, 
    261, 23, 44, 88, 165, 173, 178, 265, 272, 27, 83, 96, 236, 
    241, 255, 380, 24, 75, 89, 179, 266, 278, 381, 28, 97, 242, 
    256, 267, 273, 279, 29, 257, 187, 190, 205, 230, 268, 274, 
    280, 119, 156, 199, 211, 222, 231, 237, 243, 246, 249, 258, 
    262, 285, 304, 305, 328, 382, 286, 306, 312, 40, 62, 185, 
    331, 383, 8, 41, 45, 63, 332, 64, 333, 33, 46, 76, 162, 334, 
    9, 34, 47, 65, 120, 157, 169, 250, 335, 10, 48, 219, 307, 
    336, 49, 77, 227, 337, 35, 50, 66, 121, 338, 36, 51, 174, 
    339, 37, 52, 78, 90, 384, 38, 42, 53, 67, 19, 110, 188, 340, 
    111, 341, 20, 251, 342, 343, 344, 345, 11, 122, 200, 295, 
    346, 12, 54, 112, 212, 296, 347, 13, 206, 297, 348, 14, 55, 
    113, 123, 213, 349, 15, 56, 114, 207, 350, 385, 124, 232, 
    351, 223, 226, 233, 224, 352, 57, 125, 353, 84, 98, 126, 
    354, 386, 68, 85, 99, 107, 127, 355, 69, 128, 356, 70, 108, 
    129, 158, 357, 30, 71, 86, 100, 109, 130, 358, 387, 72, 131, 
    359, 58, 79, 91, 102, 115, 360, 388, 59, 80, 92, 103, 116, 
    361, 60, 104, 362, 81, 93, 105, 117, 363, 0, 2, 4, 136, 196, 
    287, 298, 319, 364, 3, 16, 201, 208, 214, 288, 299, 365, 
    389, 5, 17, 133, 134, 137, 308, 366, 390, 21, 138, 193, 313, 
    367, 391, 139, 315, 368, 6, 22, 320, 369, 392, 370, 393, 
    324, 394, 371, 395, 289, 372, 290, 135, 373, 374, 118, 132, 
    142, 146, 149, 152, 159, 163, 166, 170, 175, 189, 191, 194, 
    195, 197, 198, 202, 209, 215, 217, 220, 225, 228, 234, 238, 
    244, 247, 252, 259, 263, 269, 275, 277, 281, 291, 300, 309, 
    314, 316, 321, 323, 325, 327, 329, 375, 396, 7, 18, 25, 31, 
    73, 94, 147, 180, 239, 260, 270, 292, 301, 310, 322, 326, 
    376, 397), c(0, 1, 4, 8, 19, 23, 26, 32, 39, 43, 61, 74, 
    82, 87, 95, 101, 106, 110, 119, 133, 134, 136, 140, 143, 
    148, 150, 153, 160, 164, 167, 171, 176, 181, 186, 190, 192, 
    195, 196, 198, 199, 203, 210, 216, 218, 221, 226, 227, 229, 
    235, 240, 245, 248, 253, 261, 264, 271, 276, 278, 282, 293, 
    302, 311, 315, 317, 323, 324, 325, 327, 328, 328, 329, 330, 
    377, 398), c(0, 1, 4, 7, 14, 19, 23, 29, 35, 39, 55, 69, 
    77, 84, 91, 95, 98, 100, 107, 120, 121, 124, 127, 132, 137, 
    139, 144, 153, 158, 162, 167, 171, 176, 180, 184, 186, 189, 
    190, 191, 192, 197, 203, 207, 213, 219, 222, 225, 227, 230, 
    235, 241, 244, 249, 257, 260, 267, 273, 276, 281, 290, 299, 
    307, 313, 316, 321, 323, 325, 327, 329, 330, 332, 333, 380, 
